# Digitization of fig 1d of Carrington2007
# Fermi surface of YBCO full oxygen
# But structure of O6.5
# x: 0 is Gamma. 1 is X
# y: 0 is Gamma. 1 is Y

x y
0.07703210284965883 1.398118998768074
0.07522731619117168 1.3846069296391714
0.07522731619117168 1.3745179180229241
0.07573265645554808 1.3624111040834272
0.07623799671992448 0.640794548231338
0.07649066685211267 0.6298227480986689
0.07522731619117165 0.6186827977723959
0.07573265645554805 0.6062396834456907
0.07901736817399474 1.3511870786603521
0.07876469804180652 0.594132869506194
0.08208550549342292 1.4159549300182257
0.08078605909931216 1.3389541520756523
0.08238630326983742 0.6596694074634006
0.08028071883493573 0.649370208105148
0.08129139936368857 0.5805127038242601
0.08407077081775882 1.3272256760717647
0.08482878121432341 0.6718182589512982
0.08743970591360153 1.4291667309442637
0.08659747213964084 0.5699192416272005
0.08937684359371112 1.31398384832544
0.08937684359371109 0.6839250728907953
0.08887150332933469 0.5603346805917655
0.09165087478340497 1.44125252610956
0.09165087478340497 1.3032642734831774
0.09240888517996954 0.6951911358622715
0.0969569475593573 1.4484199281119357
0.09670427742716903 1.291914135414899
0.09754651120112967 0.7069616494145599
0.09586204365320836 0.5501615938787161
0.10201035020312138 1.4605267420514325
0.10201035020312132 1.2786723076685744
0.10201035020312132 0.7187321629668484
0.10175768007093311 0.5399674883914662
0.10470549827979553 1.2698444225043581
0.10706375284688541 0.7288211745830957
0.10681108271469719 0.5314548848402576
0.10933778403657929 1.4701533406352683
0.10959045416876745 1.2602598614689233
0.11009579443314388 0.7401713126513738
0.11211715549064949 0.5219964364500256
0.11439118668034332 1.2471441463678017
0.11523342045430401 0.7498399487836109
0.11691788800222547 1.4812932909615415
0.11969725945629561 0.7613582370454932
0.11944458932410745 0.5127481758017991
0.1211290568720288 1.2334819431374666
0.12503942796541773 1.4923431608269553
0.12449799196787154 1.222552180553199
0.12503942796541767 0.7740415659344899
0.12702469328975358 0.503079539669562
0.12955139461163562 1.2114122302269257
0.12980406474382378 0.7865807660861115
0.13460479725539976 1.5042037548401033
0.13485746738758791 1.1984646653194084
0.13514623325294584 0.7999847386619829
0.1346047972553997 0.49299052805331467
0.13713149857728174 1.1869253582833257
0.14019963589670992 0.8147579342429165
0.14272633721859201 1.5145029541983557
0.14243757135323404 1.1752599386020397
0.14218490122104582 0.48311170417907245
0.14496427267511608 0.8269368125511007
0.1472383038648099 1.1629639556947382
0.1472383038648099 0.8381188004257749
0.1495123350545038 1.15079408543264
0.15060723896065265 0.8488383752680377
0.14976500518669195 0.47386344353084575
0.1517502705110279 1.5245319121740302
0.15507107796264424 1.1369216944602998
0.1552395247174364 0.864952768821766
0.15734510915233813 1.1248148805208031
0.15734510915233813 0.46524574610863456
0.15987181047422022 1.5346809774308503
0.15987181047422017 1.114410587291548
0.1604132464717663 0.8837595672611795
0.15860845981327915 0.8719590268886044
0.1623985117961022 1.0999426643835268
0.16293994779364834 0.9019558203547684
0.16492521311798425 0.45599748546040786
0.16799335043741248 1.5445898281253787
0.16618856377892527 1.0844588340558137
0.1674519144398663 1.0724781327615198
0.1678730313268466 0.9284995294879905
0.16682023910939575 0.915467889483671
0.16997861576174833 1.057554803079154
0.17052005175929452 0.9558239359486602
0.16997861576174833 0.9419515449763203
0.17250531708363037 1.0332781188775588
0.17250531708363037 1.0232942011323143
0.17250531708363037 1.013415377258072
0.17304675308117656 0.9878925800145892
0.17250531708363037 0.973479706277093
0.17250531708363037 0.9652823843388922
0.17250531708363037 0.44674922481218093
0.1737686677445714 1.0029059901578146
0.17701728372984837 1.5543185178981886
0.18050653793625682 0.43792133964796465
0.18568025969058682 1.5642273685927175
0.1899395562046165 0.4301864307421752
0.19470419298302266 1.5734155756003712
0.19549829911275696 0.42110632028755246
0.2033671689437611 0.4129990788102109
0.20481099827055083 1.5830842117326083
0.21335365512072346 1.5929029819662774
0.21217452783717844 0.4079906051864308
0.21588035644260545 0.40050792157104764
0.22285886485542256 1.5998992310930205
0.2248080344465887 0.3958837912469342
0.2293560968259764 0.38800175092174105
0.23314614880879952 1.6101909237462013
0.2374415410559989 0.3840292025978438
0.24148426317101024 0.3762102185952523
0.2432529540963277 1.6190188089104176
0.25083305806197376 0.37318351511037795
0.2535402380497046 1.628544817646294
0.2567286944796986 0.36435562994616166
0.2634665646713841 1.634940530367308
0.2652352555967014 0.3610767011708813
0.2689410842021284 0.35468699381392454
0.273753848624761 1.6438584959923837
0.2778687622061116 0.35123991484504
0.280732357037578 0.34585910864970804
0.2842216112439866 1.650344289174257
0.2905022688155218 0.3424120296808235
0.2940396506661568 1.6587758203106922
0.2937869805339685 0.33724141122749685
0.30407426448734554 1.6640365192248783
0.30389378582149673 0.3340885950974195
0.3118950066741232 0.3263116486432289
0.31425326124121317 1.6718915354118138
0.32183336520685923 0.3209728799962981
0.3241073963965531 1.67907995618839
0.328908128908129 0.3156761488977684
0.3333719679101206 1.6843346497385188
0.3385095939312807 0.3093705166376137
0.3443210069716095 1.6916912207086992
0.3486163992188088 0.3035693349582713
0.3531644615981966 0.29720064637551524
0.3546804823913259 1.6991318667756816
0.36124990582821903 0.2957503509556796
0.36453461754666583 1.7043024852290083
0.3657979682076068 0.2899491692763376
0.3743887527020059 1.7117431312959908
0.3743887527020058 0.2869224657914633
0.37969482547795796 0.2811212841121211
0.3842067921241761 1.7170038302101767
0.3890436203689216 0.27658122888480996
0.39485503340925043 1.725741634913534
0.3961183840701913 0.2705278219150613
0.4049618386967786 1.7314167039476729
0.40420382830021384 0.2669966678493749
0.4107732517371072 0.260438810298814
0.41452720798676057 1.7371818534426715
0.4193640362315061 0.25640320565231534
0.42433321549787417 1.7448687194360026
0.42542811940402303 0.2503497986825667
0.4352822545593631 1.7515947271801675
0.43452424416279833 0.24580974345525552
0.4390723065421861 0.2391888295820932
0.4461470702434559 1.7596659364731655
0.44715775077220854 0.23824298474307004
0.4517058131515963 0.23162207086990771
0.4553153864685707 1.765286957230789
0.4605492677781835 0.22941509957885375
0.4656026704219477 1.7717727504126621
0.47065607306571167 0.22310946731869907
0.47570947570947586 1.7793395091248478
0.47596214584166396 0.2160471591873261
0.485816280997004 1.7856451413850023
0.48505827060043927 0.21251600512163926
0.48897465764935644 0.20639954182928943
0.4961035649503809 1.7926714173320317
0.4976917772098495 0.20494924640945378
0.5009764889282962 0.19820221989108866
0.506210370237909 1.8007786588093733
0.5108306240836361 0.1938513336315819
0.5152944630856279 1.8081352297795537
0.516978930633549 0.18527567375777165
0.5338236061127629 1.821902526880891
0.5446884217968557 1.8257489625595855
0.5540372166878192 1.8275775959150302
0.5666707232972293 0.1714032827854317
0.5767775285847575 0.1707727195594162
0.5868843338722857 0.16982687472039304
0.5944644378379319 1.8310456936581152
0.5969911391598138 0.16856574826836201
0.6045712431254602 1.8319915384971384
0.6070979444473421 0.1673046218163312
0.6146780484129883 1.8323068201101462
0.6172047497348703 0.16635877697730805
0.6247848537005165 1.833567946562177
0.6273115550223984 0.16635877697730805
0.6348916589880447 1.8332526649491694
0.6374183603099266 0.16572821375129254
0.6449984642755728 1.833883228175185
0.6475251655974548 0.16509765052527703
0.655105269563101 1.834829073014208
0.6576319708849829 0.16478236891226938
0.6652120748506292 1.834829073014208
0.6677387761725111 0.16352124246023836
0.6753188801381574 1.8367207626922544
0.6778455814600394 0.16383652407324623
0.6854256854256856 1.8373513259182699
0.6879523867475675 0.16383652407324623
0.6955324907132138 1.8373513259182699
0.6980591920350957 0.16289067923422285
0.7056392960007419 1.8379818891442854
0.7081659973226239 0.1625753976212152
0.7157461012882701 1.838612452370301
0.718272802610152 0.1625753976212152
0.7258529065757983 1.838297170757293
0.7283796078976802 0.16162955278219204
0.7359597118633264 1.838612452370301
0.7384864131852084 0.16005314471715337
0.7460665171508547 1.8389277339833086
0.7485932184727366 0.16005314471715337
0.7561733224383829 1.8398735788223317
0.7587000237602648 0.16005314471715337
0.766280127725911 1.8398735788223317
0.768806829047793 0.15973786310414573
0.7763869330134392 1.8398735788223317
0.7789136343353211 0.15879201826512257
0.7864937383009674 1.8398735788223317
0.7890204396228493 0.1584767366521147
0.7966005435884955 1.8411347052743627
0.7991272449103775 0.15879201826512257
0.8067073488760237 1.8408194236613549
0.8092340501979056 0.1584767366521147
0.816814154163552 1.8411347052743627
0.8193408554854339 0.1584767366521147
0.8269209594510801 1.8411347052743627
0.8294476607729621 0.15753089181309154
0.8370277647386083 1.8414499868873704
0.8395544660604902 0.15753089181309154
0.8471345700261365 1.8423958317263935
0.8496612713480184 0.15753089181309154
0.8572413753136646 1.8423958317263935
0.8597680766355468 0.15753089181309154
0.8673481806011928 1.8423958317263935
0.8698748819230749 0.15753089181309154
0.877454985888721 1.8423958317263935
0.8799816872106031 0.1565850469740684
0.8875617911762491 1.8423958317263935
0.8900884924981313 0.15626976536106074
0.8976685964637773 1.8423958317263935
0.9001952977856594 0.15595448374805287
0.9077754017513054 1.8423958317263935
0.9103021030731876 0.15626976536106074
0.9178822070388336 1.8423958317263935
0.9204089083607158 0.15626976536106074
0.927989012326362 1.8427111133394014
0.9305157136482439 0.15595448374805287
0.9380958176138902 1.8446028030174477
0.9406225189357721 0.15626976536106074
0.9482026229014183 1.8449180846304554
0.9507293242233003 0.15595448374805287
0.9583094281889465 1.84428752140444
0.9608361295108284 0.15595448374805287
0.9684162334764747 1.8449180846304554
0.9709429347983566 0.15626976536106074
0.9785230387640028 1.8449180846304554
0.9810497400858847 0.15626976536106074
0.988629844051531 1.8449180846304554
0.9911565453734129 0.15626976536106074
0.529100529100529 0.1795774647887327
0.5537918871252206 0.17253521126760596
0.544973544973545 0.17429577464788792
0.5361552028218695 0.1760563380281699
0.5238095238095238 1.8151408450704225
0.5643738977072311 1.8292253521126762
0.5767195767195769 1.8292253521126762
0.5855379188712523 1.8292253521126762
